CL = 12*10^-12;
Cs = 3*10^-12;

% Capacitors
C = (2*CL - 2*Cs)*10^12

